%Constant definitions
b1=429; %m3kmol-1
b2=2024; %m3kmol-1
b3=1.0001; %m3kmol-1
n=0.428;
